..\imagens_para_conversao\FalaRalph: .word 160, 20
.byte 72,72,72,255,255,255,255,255,255,255,255,255,255,255,255,255,255,255,255,255,255,255,255,255,255,255,255,255,255,255,255,255,255,255,255,255,255,255,255,255,255,255,255,255,255,255,255,255,255,255,255,255,255,255,255,255,255,255,255,255,255,255,255,255,255,255,255,255,255,255,255,255,255,255,255,255,255,255,255,255,255,255,255,255,255,255,255,255,255,255,255,255,255,255,255,255,255,255,255,255,255,255,255,255,255,255,255,255,255,255,255,255,255,255,255,255,255,255,255,255,255,255,255,255,255,255,255,255,255,255,255,255,255,255,255,255,255,255,255,255,255,255,255,255,255,255,255,255,255,255,255,255,255,255,255,255,72,72,72,72,
72,255,255,255,255,255,255,255,255,255,255,255,255,255,255,255,255,255,255,255,255,255,255,255,255,255,255,255,255,255,255,255,255,255,255,255,255,255,255,255,255,255,255,255,255,255,255,255,255,255,255,255,255,255,255,255,255,255,255,255,255,255,255,255,255,255,255,255,255,255,255,255,255,255,255,255,255,255,255,255,255,255,255,255,255,255,255,255,255,255,255,255,255,255,255,255,255,255,255,255,255,255,255,255,255,255,255,255,255,255,255,255,255,255,255,255,255,255,255,255,255,255,255,255,255,255,255,255,255,255,255,255,255,255,255,255,255,255,255,255,255,255,255,255,255,255,255,255,255,255,255,255,255,255,255,255,255,255,72,72,
255,255,255,255,255,255,255,255,255,255,255,255,255,255,255,255,255,255,255,255,255,255,255,255,255,255,255,255,255,255,255,255,255,255,255,255,255,255,255,255,255,255,255,255,255,255,255,255,255,255,255,255,255,255,255,255,255,255,255,255,255,255,255,255,255,255,255,255,255,255,255,255,255,255,255,255,255,255,255,255,255,255,255,255,255,255,255,255,255,255,255,255,255,255,255,255,255,255,255,255,255,255,255,255,255,255,255,255,255,255,255,255,255,255,255,255,255,255,255,255,255,255,255,255,255,255,255,255,255,255,255,255,255,255,255,255,255,255,255,255,255,255,255,255,255,255,255,255,255,255,255,255,255,255,255,255,255,255,255,72,
255,255,255,255,255,255,255,255,255,255,255,255,255,255,255,255,255,255,255,255,255,255,255,255,255,255,255,255,255,255,255,255,255,255,255,255,255,255,255,255,255,255,255,255,255,255,255,255,255,255,255,255,255,255,255,255,255,255,255,255,255,255,255,255,255,255,255,255,255,255,255,255,255,255,255,255,255,255,255,255,255,255,255,255,255,255,255,255,255,255,255,255,255,255,255,255,255,255,255,255,255,255,255,255,255,255,255,255,255,255,255,255,255,255,255,255,255,255,255,255,255,255,255,255,255,255,255,255,255,255,255,255,255,255,255,255,255,255,255,255,255,255,255,255,255,255,255,255,255,255,255,255,255,255,255,255,255,255,255,72,
255,255,255,255,255,0,0,0,0,0,0,255,255,0,0,255,255,255,255,255,0,0,255,255,255,0,0,255,255,255,255,255,255,255,255,255,255,255,0,0,0,0,0,255,255,0,0,0,0,0,255,255,0,0,255,255,255,0,0,255,0,0,255,255,255,0,0,255,255,255,0,0,0,255,255,255,255,255,255,255,255,255,255,255,0,0,255,255,255,0,0,255,0,0,0,0,0,0,255,255,0,0,0,0,0,0,0,255,255,255,0,0,0,0,255,255,0,0,255,255,255,0,0,255,255,255,255,255,255,255,255,255,255,0,0,0,0,0,0,255,255,0,0,0,0,0,0,255,255,255,0,0,0,255,255,255,255,255,255,255,
255,255,255,255,255,255,255,0,0,255,255,255,255,0,0,255,255,255,255,255,0,0,0,255,0,0,0,255,255,255,255,255,255,255,255,255,255,0,0,255,255,255,255,255,0,0,255,255,255,0,0,255,0,0,0,255,255,0,0,255,0,0,0,255,255,0,0,255,255,0,0,255,0,0,255,255,255,255,255,255,255,255,255,255,0,0,255,255,255,0,0,255,0,0,255,255,255,0,0,255,0,0,255,255,255,255,255,255,255,0,0,255,255,0,0,255,0,0,255,255,0,0,255,255,255,255,255,255,255,255,255,255,255,255,255,0,0,255,255,255,255,255,255,0,0,255,255,255,255,255,0,0,0,255,255,255,255,255,255,255,
255,255,255,255,255,255,255,0,0,255,255,255,255,255,0,255,255,255,255,255,0,0,0,0,0,0,0,255,255,255,255,255,255,255,255,255,0,0,255,255,255,255,255,255,0,0,255,255,255,0,0,255,0,0,0,0,255,0,0,255,0,0,0,0,255,0,0,255,0,0,255,255,255,0,0,255,255,255,255,255,255,255,255,255,0,0,255,0,255,0,0,255,0,0,255,255,255,0,0,255,0,0,255,255,255,255,255,255,0,0,255,255,255,255,255,255,0,0,255,0,0,255,255,255,255,255,255,255,255,255,255,255,255,255,255,0,0,255,255,255,255,255,255,0,0,255,255,255,255,255,0,0,0,255,255,255,255,255,255,255,
255,255,255,255,255,255,255,0,0,255,255,255,255,0,255,255,255,255,255,255,0,0,0,0,0,0,0,255,255,255,255,255,255,255,255,255,0,0,255,255,0,0,0,255,0,0,255,255,255,0,0,255,0,0,0,0,0,0,0,255,0,0,0,0,0,0,0,255,0,0,255,255,255,0,0,255,255,255,255,255,255,255,255,255,0,0,0,0,0,0,0,255,0,0,255,255,0,0,0,255,0,0,0,0,0,0,255,255,0,0,255,255,255,255,255,255,0,0,0,0,255,255,255,255,255,255,255,255,255,255,255,255,255,255,255,0,0,255,255,255,255,255,255,0,0,255,255,255,255,255,0,0,255,255,255,255,255,255,255,255,
255,255,255,255,255,255,255,0,0,255,255,255,255,255,255,255,255,255,255,255,0,0,255,0,255,0,0,255,255,255,255,255,255,255,255,255,0,0,255,255,255,0,0,255,0,0,255,255,255,0,0,255,0,0,255,0,0,0,0,255,0,0,255,0,0,0,0,255,0,0,0,0,0,0,0,255,255,255,255,255,255,255,255,255,0,0,0,0,0,0,0,255,0,0,0,0,0,255,255,255,0,0,255,255,255,255,255,255,0,0,255,255,255,255,255,255,0,0,0,0,0,255,255,255,255,255,255,255,255,255,255,255,255,255,255,0,0,255,255,255,255,255,255,0,0,255,255,255,255,255,0,0,255,255,255,255,255,255,255,255,
255,255,255,255,255,255,255,0,0,255,255,255,255,255,255,255,255,255,255,255,0,0,255,255,255,0,0,255,255,255,255,255,255,255,255,255,255,0,0,255,255,0,0,255,0,0,255,255,255,0,0,255,0,0,255,255,0,0,0,255,0,0,255,255,0,0,0,255,0,0,255,255,255,0,0,255,255,255,255,255,255,255,255,255,0,0,0,255,0,0,0,255,0,0,255,0,0,0,255,255,0,0,255,255,255,255,255,255,255,0,0,255,255,0,0,255,0,0,255,0,0,0,255,255,255,255,255,255,255,255,255,255,255,255,255,0,0,255,255,255,255,255,255,0,0,255,255,255,255,255,255,255,255,255,255,255,255,255,255,255,
255,255,255,255,255,0,0,0,0,0,0,255,255,255,255,255,255,255,255,255,0,0,255,255,255,0,0,255,255,255,255,255,255,255,255,255,255,255,0,0,0,0,0,255,255,0,0,0,0,0,255,255,0,0,255,255,255,0,0,255,0,0,255,255,255,0,0,255,0,0,255,255,255,0,0,255,255,255,255,255,255,255,255,255,0,0,255,255,255,0,0,255,0,0,255,255,0,0,0,255,0,0,0,0,0,0,0,255,255,255,0,0,0,0,255,255,0,0,255,255,0,0,0,255,255,255,255,255,255,255,255,255,255,0,0,0,0,0,0,255,255,255,255,0,0,255,255,255,255,255,0,0,255,255,255,255,255,255,255,255,
255,255,255,255,255,255,255,255,255,255,255,255,255,255,255,255,255,255,255,255,255,255,255,255,255,255,255,255,255,255,255,255,255,255,255,255,255,255,255,255,255,255,255,255,255,255,255,255,255,255,255,255,255,255,255,255,255,255,255,255,255,255,255,255,255,255,255,255,255,255,255,255,255,255,255,255,255,255,255,255,255,255,255,255,255,255,255,255,255,255,255,255,255,255,255,255,255,255,255,255,255,255,255,255,255,255,255,255,255,255,255,255,255,255,255,255,255,255,255,255,255,255,255,255,255,255,255,255,255,255,255,255,255,255,255,255,255,255,255,255,255,255,255,255,255,255,255,255,255,255,255,255,255,255,255,255,255,255,255,72,
255,255,255,255,255,255,255,255,255,255,255,255,255,255,255,255,255,255,255,255,255,255,255,255,255,255,255,255,255,255,255,255,255,255,255,255,255,255,255,255,255,255,255,255,255,255,255,255,255,255,255,255,255,255,255,255,255,255,255,255,255,255,255,255,255,255,255,255,255,255,255,255,255,255,255,255,255,255,255,255,255,255,255,255,255,255,255,255,255,255,255,255,255,255,255,255,255,255,255,255,255,255,255,255,255,255,255,255,255,255,255,255,255,255,255,255,255,255,255,255,255,255,255,255,255,255,255,255,255,255,255,255,255,255,255,255,255,255,255,255,255,255,255,255,255,255,255,255,255,255,255,255,255,255,255,255,255,255,255,72,
72,255,255,255,255,255,255,255,255,255,255,255,255,255,255,255,255,255,255,255,255,255,255,255,255,255,255,255,255,255,255,255,255,255,255,255,255,255,255,255,255,255,255,255,255,255,255,255,255,255,255,255,255,255,255,255,255,255,255,255,255,255,255,255,255,255,255,255,255,255,255,255,255,255,255,255,255,255,255,255,255,255,255,255,255,255,255,255,255,255,255,255,255,255,255,255,255,255,255,255,255,255,255,255,255,255,255,255,255,255,255,255,255,255,255,255,255,255,255,255,255,255,255,255,255,255,255,255,255,255,255,255,255,255,255,255,255,255,255,255,255,255,255,255,255,255,255,255,255,255,255,255,255,255,255,255,255,255,72,72,
72,72,72,255,255,255,255,255,255,255,255,255,255,255,255,255,255,255,255,255,255,255,255,255,255,255,255,255,255,255,255,255,255,255,255,255,255,255,255,255,255,255,255,255,255,255,255,255,255,255,255,255,255,255,255,255,255,255,255,255,255,255,255,255,255,255,255,255,255,255,255,255,255,255,255,255,255,255,255,255,255,255,255,255,255,255,255,255,255,255,255,255,255,255,255,255,255,255,255,255,255,255,255,255,255,255,255,255,255,255,255,255,255,255,255,255,255,255,255,255,255,255,255,255,255,255,255,255,255,255,255,255,255,255,255,255,255,255,255,255,255,255,255,255,255,255,255,255,255,255,255,255,255,255,255,255,72,72,72,72,
72,72,72,72,72,72,72,72,72,72,72,72,72,72,72,255,255,255,255,255,255,255,72,72,72,72,72,72,72,72,72,72,72,72,72,72,72,72,72,72,72,72,72,72,72,72,72,72,72,72,72,72,72,72,72,72,72,72,72,72,72,72,72,72,72,72,72,72,72,72,72,72,72,72,72,72,72,72,72,72,72,72,72,72,72,72,72,72,72,72,72,72,72,72,72,72,72,72,72,72,72,72,72,72,72,72,72,72,72,72,72,72,72,72,72,72,72,72,72,72,72,72,72,72,72,72,72,72,72,72,72,72,72,72,72,72,72,72,72,72,72,72,72,72,72,72,72,72,72,72,72,72,72,72,72,72,72,72,72,72,
72,72,72,72,72,72,72,72,72,72,72,72,72,72,72,72,255,255,255,255,255,72,72,72,72,72,72,72,72,72,72,72,72,72,72,72,72,72,72,72,72,72,72,72,72,72,72,72,72,72,72,72,72,72,72,72,72,72,72,72,72,72,72,72,72,72,72,72,72,72,72,72,72,72,72,72,72,72,72,72,72,72,72,72,72,72,72,72,72,72,72,72,72,72,72,72,72,72,72,72,72,72,72,72,72,72,72,72,72,72,72,72,72,72,72,72,72,72,72,72,72,72,72,72,72,72,72,72,72,72,72,72,72,72,72,72,72,72,72,72,72,72,72,72,72,72,72,72,72,72,72,72,72,72,72,72,72,72,72,72,
72,72,72,72,72,72,72,72,72,72,72,72,72,72,72,72,255,255,255,255,255,72,72,72,72,72,72,72,72,72,72,72,72,72,72,72,72,72,72,72,72,72,72,72,72,72,72,72,72,72,72,72,72,72,72,72,72,72,72,72,72,72,72,72,72,72,72,72,72,72,72,72,72,72,72,72,72,72,72,72,72,72,72,72,72,72,72,72,72,72,72,72,72,72,72,72,72,72,72,72,72,72,72,72,72,72,72,72,72,72,72,72,72,72,72,72,72,72,72,72,72,72,72,72,72,72,72,72,72,72,72,72,72,72,72,72,72,72,72,72,72,72,72,72,72,72,72,72,72,72,72,72,72,72,72,72,72,72,72,72,
72,72,72,72,72,72,72,72,72,72,72,72,72,72,72,72,72,255,255,255,72,72,72,72,72,72,72,72,72,72,72,72,72,72,72,72,72,72,72,72,72,72,72,72,72,72,72,72,72,72,72,72,72,72,72,72,72,72,72,72,72,72,72,72,72,72,72,72,72,72,72,72,72,72,72,72,72,72,72,72,72,72,72,72,72,72,72,72,72,72,72,72,72,72,72,72,72,72,72,72,72,72,72,72,72,72,72,72,72,72,72,72,72,72,72,72,72,72,72,72,72,72,72,72,72,72,72,72,72,72,72,72,72,72,72,72,72,72,72,72,72,72,72,72,72,72,72,72,72,72,72,72,72,72,72,72,72,72,72,72,
72,72,72,72,72,72,72,72,72,72,72,72,72,72,72,72,72,255,255,255,72,72,72,72,72,72,72,72,72,72,72,72,72,72,72,72,72,72,72,72,72,72,72,72,72,72,72,72,72,72,72,72,72,72,72,72,72,72,72,72,72,72,72,72,72,72,72,72,72,72,72,72,72,72,72,72,72,72,72,72,72,72,72,72,72,72,72,72,72,72,72,72,72,72,72,72,72,72,72,72,72,72,72,72,72,72,72,72,72,72,72,72,72,72,72,72,72,72,72,72,72,72,72,72,72,72,72,72,72,72,72,72,72,72,72,72,72,72,72,72,72,72,72,72,72,72,72,72,72,72,72,72,72,72,72,72,72,72,72,72,


